dec
0.249
