0.261,0.272