0.418,0.409